001010000101000
001110001010000
011110000110011
101110011000101
001110001010000
010000010100000
001010000100111
011010001000100
011010001000100
111010011010001
001010001001110
111010001000111
001110001010000
010000010100000
001010000100111
011010001000100
001010010110001
111010011010001
001010001001110
011010000101101
101110011000101
001110011000110
001110001010000
010000010100000
001010000100111
011010001000100
001010010110001
111010011010001
001010001001110
011010000101101
101110011001010
101110011000101
001110001010000
010000000001010
001010000100111
011010001000100
011010000101101
001010001001110
101110011000101
001110010101111
111110011001111
010000010100000
011010001000100
001110001010000
011010001000100
111010011010001
001010001001110
111010001000111
001110001010000
010000010100000
001010010110001
001010001001110
001010000101000
111010011010001
001110001010000
010000010100000
001010000100111
011010001000100
001110000111001
001010000100111
011010001000100
001010001001110
101110011000101
101110011001010
001110011000110
001010001001110
010000000001010
001010000100111
011010001000100
001010010110001
111010011010001
001010001001110
011010000101101
101110011000101
001110011000110
001110001010000
010000010100000
001010000100111
011010001000100
001010010110001
111010011010001
001010001001110
011010000101101
101110011001010
101110011000101
001110001010000
010000000001010
101110011000101
001010000100111
011010001000100
001110001010000
011110011000011
001110001010000
010000010100000
101110011001010
001010001001110
111010001001000
101110011000101
001110001010000
010000010100000
001010000100111
011010001000100
001110010101111
111010011010001
101110011001010
001110011000110
001110001010000
010000000001010
011110010100101
001110001010000
101110011001010
111010011010001
001010000100111
011110011000011
001010001001110
010000010100000
001110011000110
001010001001110
001110000111001
001010000101000
111110011001111
001110010101111
111110011001111
010000010100000
111010001001000
001010001001110
011110010100101
001110001010000
101110011001010
111010011010001
001010000100111
011110011000011
001010001001110
010000010100000
001110011000110
001010001001110
011110000110011
011110010101010
001010001001110
001110000111001
101110011001010
001110011000110
111110011001111
010000000001010
001010000100111
111010001000111
001110010101111
001110001010000
001110011000110
001010001001110
001010000100111
010000010100000
001010000100111
011010001000100
101110000110101
111010011010001
001110001010000
001010010110001
001010000100111
111010010110111
001010001001110
010000010100000
001010000100111
011010001000100
101110011000101
111110011001111
011110000110011
011110010101010
001010001001110
101010001000010
101110011001010
101110011000101
001010001001110
010000000001010
101110000110101
001110001010000
001010010110001
001010000100111
111010010110111
001010001001110
010000010100000
001010000100111
011010001000100
111010011010001
001010001001110
111110000110000
101110011001010
001110011000110
001010001001110
010000010100000
101110010100011
001010001001110
001110011000110
001110000111001
001010001001110
101110011000101
011110010101010
001010001001110
010000010100000
001110000111001
001010001001110
011010001000100
001010001001110
101110011001010
111010001000111
001110001010000
101110011000101
010000010100000
101110000111010
001010001001110
101110011001010
001010010110001
001110001010000
010000010100000
001010000100111
011010001000100
101110011000101
001010001001110
101110000111010
001110000110110
111010001001000
001010000101000
001110001010000
010000010100000
001110000111001
001010001001110
011010001000100
001010001001110
101110011001010
111010001000111
001110001010000
101110011000101
010000010100000
111010001001000
001010001001110
011010001000100
001010001001110
001010000100111
010000010100000
001010000100111
011010001000100
001110000110110
111010011010001
001010000100111
011010001000100
111010011010001
101110011001010
001110011000110
001010001001110
010000000001010
001010000101000
001110001010000
011110000110011
101110011000101
001110001010000
010000010100000
001010000100111
011010001000100
011010001000100
111010011010001
001010001001110
111010001000111
001110001010000
010000010100000
001010000100111
011010001000100
001010010110001
111010011010001
001010001001110
011010000101101
101110011000101
001110011000110
001110001010000
010000010100000
001010000100111
011010001000100
001010010110001
111010011010001
001010001001110
011010000101101
101110011001010
101110011000101
001110001010000
010000010100000
001010000100111
011010001000100
101110011000101
010000000001010
111110000110000
011010001000100
001110001010000
011110011000011
001010001001110
010000010100000
001010000100111
011010001000100
011110011000011
001110001010000
011110010101010
001010000100111
001010000101000
111110011001111
010000010100000
011010001000100
001010000100111
010000010100000
001010010110001
001010001001110
101110011001010
001010000101000
001010001001110
010000010100000
001010001000001
101110011001010
111010001000111
001110001010000
010000010100000
111010001000111
111110011001111
001110010101111
011010001001011
001110011001001
010000010100000
011010001000100
001110001010000
011010001000100
101110011000101
111110011001111
011110010101010
111010011010001
001010001001110
101010001000010
101110011001010
001110011000110
001010001001110
010000000001010
001010000100111
011010001000100
111010011010001
001010001001110
111110000110000
101110011001010
001110011000110
001010001001110
010000010100000
101110011001010
111110011001111
101010000100100
101110011000101
001110001010000
001110011000110
111010001001000
001110011000110
001010001001110
010000010100000
001010000101000
001110001010000
001010000100111
011010001000100
101110000111010
001010001001110
101110011001010
001010000101000
001110001010000
010000010100000
111010001001000
001010001001110
101110011001010
111110011001111
101010001000010
101110011001010
101110011000101
111010001001000
001110011000110
001010001001110
010000010100000
001010000100111
011010001000100
101110000110101
111010011010001
001010001001110
011010001000100
001010000100111
111110010101001
001010001001110
010000010100000
111010001001000
001010001001110
101110011000101
001110001010000
101110011000101
111010011010001
001010000100111
010000010100000
001010010110001
001010001001110
101010010110010
001010001001110
101010001000010
001110011000110
001010000100111
111010001000111
111110011001111
101110011000101
010000010100000
101110011001010
111110011001111
001110011000110
001010001000001
001110001010000
101010001000010
111010001001000
001110011000110
001010001001110
010000000001010
111010001001000
001010001001110
001010000100111
011010001000100
111010011010001
001010001001110
111110000110000
101110011001010
001110011000110
001010001001110
010000010100000
101110011001010
111110011001111
101010000100100
101110011000101
001110001010000
001110011000110
111010001001000
001110011000110
001010001001110
010000010100000
001010000101000
001110001010000
101110011000101
001010000100111
010000010100000
101110010100011
111110011001111
001110011000110
101010010110010
001110001010000
011010001000100
001010001001110
010000010100000
011110010100101
001110001010000
011010001000100
001010001001110
101110011001010
011110011000011
001010001001110
010000010100000
111010001001000
001010001001110
101110011000101
001010000100111
010000010100000
101110010100011
111110011001111
001110011000110
101010010110010
001110001010000
011010001000100
001010001001110
010000010100000
101110011000101
001110001010000
001110011000110
010000010100000
101010001000010
001010001001110
001010000101000
011010001000100
001110001010000
011110011000011
001010001001110
010000010100000
111010001001000
001010001001110
001010000101000
001110001010000
001010000100111
011010001000100
011010000100010
111010000101110
001110001010000
001010010110001
001010001001110
111110010101001
001110001010000
010000010100000
111010001000111
111110011001111
101110011000101
010000010100000
101110011001010
111010001001000
101010001000010
001110001010000
001110011000110
111010001001000
001110011000110
001010001001110
010000000001010
101110010100011
111110011001111
111010001001000
011010001000100
111110010100110
001110001010000
011110011000011
001010001001110
010000010100000
001110000111001
001010001001110
011010001000100
001110011001001
010000010100000
111010001000111
111110011001111
001110010101111
011010001001011
001110011001001
010000010100000
101110011000101
001110001010000
001110011000110
010000010100000
001010010110001
001010001001110
001010000101000
111010011010001
001110001010000
111010001000111
001110001010000
101110011000101
010000010100000
111010001001000
001010001001110
101110010100011
111110011001111
111010001001000
011010001000100
111110010100110
001110001010000
011110011000011
001010001001110
010000010100000
111010001000111
111110011001111
101110011000101
111110011001111
010000010100000
001010000100111
011010001000100
101110011000101
111110011001111
001010001000001
011010001000100
001110001010000
011010000101101
111010001001000
001110011000110
001010001001110
010000000001010
011110010100101
001110001010000
001110011000110
111010011010001
001010001001110
010000010100000
001010000100111
011010001000100
111010011010001
001010001001110
111110000110000
101110011001010
001110011000110
001010001001110
010000010100000
011110011000011
001010001001110
001010001000001
001010001001110
001010010110001
111010001001000
001010000100111
010000010100000
011110000110011
001010001001110
111010001001000
001010000100111
111010000100001
011110011001100
010000010100000
001110000111001
001010001001110
011010001000100
001010001001110
101110011001010
111010001000111
001110001010000
101110011000101
010000010100000
101110010100011
001010001001110
101110010100011
001010001001110
001110011000110
111110000110000
001010001001110
001010010110001
011110010101010
001010001001110
111010001000111
111110011001111
101110011000101
010000010100000
101110010100011
001010001001110
101110011000101
010000010100000
011010001000100
001010001001110
101110011000101
010000010100000
011110010101010
111110011001111
001110011000110
111110000110000
001110001010000
001010010110001
111010001000111
111110011001111
101110011000101
010000010100000
011010001000100
001010000100111
010000010100000
101110011001010
111110011001111
101010000100100
101110011000101
001110001010000
001110011000110
111010001001000
001110011000110
001010001001110
010000000001010
111010000101110
001010001001110
011110010101010
001010001001110
101110011000101
001010001001110
010000010100000
001010000100111
011010001000100
011010001000100
111010011010001
001010001001110
111010001000111
111110011001111
010000010100000
001110000111001
001010001001110
011010001000100
001110011001001
010000010100000
101010001000010
111110011001111
011010001000100
111010001001000
001010000101000
001110001010000
111010001000111
001110001010000
101110011000101
010000010100000
111010001001000
001010001001110
001110000111001
001010001001110
011010001000100
001110011001001
010000010100000
011110000110011
001010001001110
101110011000101
001110000111001
001110001010000
111010001000111
001110001010000
101110011000101
010000010100000
111010001001000
001010001001110
001110000111001
001010001001110
011010001000100
001110011001001
010000010100000
101110010100011
001010001001110
001010000101000
101110000110101
001010000100111
001010010110001
001110001010000
111010001000111
001110001010000
101110011000101
010000010100000
101110000111010
001110001010000
011010010110100
001010000100111
111010001001000
001010001001110
111110010101001
011110011001100
010000010100000
111010001001000
001010001001110
011010001000100
001010001001110
111010001000111
111110011001111
101110011000101
010000010100000
001110000111001
001010001001110
111110000110000
001010000100111
001010000101000
011110011001100
010000010100000
001110000111001
001010001001110
111010010111000
101110011001010
101110011000101
011110011001100
010000000001010
111010001001000
001010001001110
101110011000101
001110001010000
001110011000110
001010001001110
010000010100000
001010000100111
011010001000100
001110011000110
111010011010001
001010000100111
011110000110011
001110001010000
010000010100000
101110011000101
001010001001110
001110011000110
010000010100000
101110011001010
001010001001110
101010001000010
111010001001000
011010001000100
111110011001111
010000010100000
011010000100010
101110011000101
001010001001110
001110011000110
111010011010001
001010000100111
010000010100000
001010000101000
001110001010000
001010000100111
011010001000100
011010001000100
111010011010001
001010001001110
111010001000111
001110001010000
010000010100000
111010001001000
001010001001110
001010000101000
001110001010000
001010000100111
011010001000100
101110011001010
001010001001110
111010001001000
101110011000101
001110001010000
010000010100000
001010000100111
011010001000100
011010000100010
111010000101110
001110001010000
001010010110001
001110001010000
010000010100000
111010001001000
001010001001110
101110011000101
001010000100111
010000010100000
111010001000111
111110011001111
101110011000101
010000010100000
001010000101000
001110001010000
101110011000101
111110011001111
101010000100100
101110011000101
001110001010000
001110011000110
101110011001010
001110011000110
001010001001110
010000000001010
101110011001010
111110011001111
111010000101110
001010000100111
001110010101111
001110001010000
001110000111001
111010001001000
001110011000110
001010001001110
010000010100000
001010000100111
011010001000100
011010001000100
111010011010001
001010001001110
111010001000111
001010001001110
010000010100000
111010001001000
001010001001110
001010000100111
011010001000100
111010011010001
001010001001110
111110000110000
101110011001010
001110011000110
001010001001110
010000010100000
011010000100010
101110011000101
001010001001110
001110011000110
111010001001000
001010000100111
010000010100000
111010001001000
001010001001110
101110011000101
001010000100111
010000010100000
101110011001010
001010001001110
111010000101110
001110010101111
001010001001110
001110000111001
111010001001000
001110011000110
001010001001110
010000010100000
011110010100101
001110001010000
011010001000100
111010011010001
001010000100111
010000010100000
101110010100011
001010001001110
001110011000110
001010001000001
111110011001111
011110000110011
001010001001110
111010001000111
111110011001111
101110011000101
010000010100000
111010001001000
001010001001110
101110011000101
001010000100111
010000010100000
101110011001010
001010001001110
011010010110100
001110000111001
111110011001111
001010010110001
111010001001000
001110011000110
001010001001110
010000000001010
001010001000001
101110011001010
010000010100000
101010001000010
111110011001111
011010001000100
111010001001000
001010000101000
001110001010000
111010001000111
001110001010000
101110011000101
010000010100000
101110011000101
001010001001110
001010010110001
001010001001110
001110000110110
011110011001100
010000010100000
001010001000001
001010001001110
101010010110010
001010000100111
001110010101111
001010001001110
111010001000111
111110011001111
101110011000101
111110011001111
010000010100000
001010000100111
011010001000100
011010001000100
111010011010001
001010001001110
111010001000111
111110011001111
010000010100000
101110011000101
001010001001110
001010010110001
001010001001110
001110000110110
011010001001011
001010000100111
010000010100000
111010001001000
001010001001110
011010001000100
001010001001110
111010001000111
111110011001111
101110011000101
010000010100000
001110000111001
001010001001110
111110000110000
001010000100111
001010000101000
011110011001100
010000010100000
101110010100011
001010001001110
011010001000100
101110011001010
101110011000101
011110011001100
010000010100000
001010000101000
001110001010000
101110011000101
001010000100111
010000010100000
011110011000011
001010000100111
001110011000110
111010001001000
001010000100111
010000010100000
101110011001010
001010001001110
011110011000011
111110000110000
001110001010000
001010000101000
111010001001000
001110011000110
001010001001110
010000000001010
111010001001000
001010001001110
011110010100101
001110001010000
111110000110000
001010000100111
010000010100000
101010001000010
101110011001010
011010001000100
001010001001110
010000010100000
011010001000100
001010001001110
111010001000111
111110011001111
101110011000101
010000010100000
011010001000100
001010000100111
010000010100000
011110010101010
111110011001111
001010001000001
011110000110011
001110001010000
001110010101111
111010001001000
001010000100111
010000010100000
001010001000001
001110001010000
101110011001010
010000010100000
001010000100111
011010001000100
101110010100011
001010001001110
001010010110001
001110000110110
001110001010000
010000010100000
101010001000010
001010000100111
011010001000100
111010001001000
001010000100111
010000010100000
011110010100101
001110001010000
001110011000110
111010011010001
001010001001110
101110011000101
001010000100111
010000010100000
001110011000110
001010001001110
011010000101101
001110011000110
111110011001111
010000010100000
101110011000101
111110011001111
101110000110101
011010001000100
001110001010000
011010000101101
111010001001000
001110011000110
001010001001110
010000000001010
101110010100011
001010001001110
011010001000100
001010000100111
010000010100000
011110010100101
001110001010000
001110011000110
111010011010001
001010001001110
111010001000111
111110011001111
101110011000101
010000010100000
111010001000111
111110011001111
101110011000101
111110011001111
010000010100000
001010000100111
011010001000100
101110011000101
111110011001111
001010001000001
011110000110011
001110001010000
001110010101111
111010001001000
001110011000110
001010001001110
010000010100000
111010001001000
001010001001110
011010001000100
011110011000011
001110001010000
001110011000110
010000010100000
011010001000100
001010000100111
010000010100000
101110011001010
001010001001110
011010010110100
001110000111001
111110011001111
001010010110001
111010001001000
001110011000110
001010001001110
010000000001010
111010001001000
001010001001110
011110010100101
001110001010000
111110000110000
001010000100111
010000010100000
101010001000010
101110011001010
011010001000100
001010001001110
010000010100000
011010001000100
001010001001110
111010001000111
111110011001111
101110011000101
010000010100000
011010000100010
101110011000101
001110001010000
001110011000110
111010001001000
001010000100111
010000010100000
011110011000011
001010001001110
101110011000101
001010000100111
010000010100000
011010000100010
101110011000101
001010001001110
001110011000110
001010001001110
010000010100000
001010000100111
011010001000100
001110011000110
111010011010001
001010000100111
011110000110011
111110011001111
010000010100000
101010001000010
001010000100111
011010001000100
111010001001000
001010000100111
010000010100000
101110010100011
001010001001110
001110011000110
111110011001111
101010000100100
101110011000101
001110001010000
001110011000110
111110011001111
010000010100000
011110011000011
001010001001110
101110011000101
001010000100111
010000010100000
011010000100010
101110011000101
001010001001110
001110011000110
001010001001110
010000010100000
001010000100111
011010001000100
011110000110011
111010011010001
111110011001111
001010001000001
001010001001110
111010001000111
001010000100111
111010000100001
111110011001111
010000010100000
101110010100011
001010001001110
011010001000100
001010000100111
010000010100000
011110010100101
001110001010000
001110011000110
111010011010001
001010001001110
111010001000111
111110011001111
101110011000101
010000010100000
111010001000111
111110011001111
101110011000101
111110011001111
010000010100000
001010000100111
011010001000100
011110000110011
111010011010001
111110011001111
001010001000001
001010001001110
111010001000111
001010000100111
111010000100001
111110011001111
010000010100000
111010001001000
001010001001110
011010001000100
011110011000011
001110001010000
001110011000110
010000010100000
011010001000100
001010000100111
010000010100000
101110011001010
001010001001110
001110000111001
011010001000100
001010001001110
101110011000101
111010001001000
001110011000110
001010001001110
010000000001010
111010001001000
001010001001110
011110010100101
001110001010000
111110000110000
001010000100111
010000010100000
011010001000100
001010001001110
101010001000010
111110011001111
111010001001000
001010000100111
010000010100000
001010000100111
011010001000100
111010011010001
001010001001110
111110000110000
101110011001010
001110011000110
001010001001110
010000010100000
011010000100010
101110011000101
001010001001110
001110011000110
111010001001000
001010000100111
010000010100000
101010001000010
001010000100111
011010001000100
111010001001000
001010000100111
010000010100000
011010000100010
101110011000101
001010001001110
001110011000110
111010011010001
001010000100111
010000010100000
111010001001000
001010001001110
011110010100101
001110001010000
111110000110000
001010000100111
010000010100000
111010000101110
001010001001110
011010001000100
001010001001110
111010001001000
001010000100111
010000010100000
011110010100101
001110001010000
011010001000100
001110011001001
010000010100000
011010010110100
001010001001110
101110011001010
001010000100111
111010010110111
101110011001010
001110011000110
001110001010000
111010001000111
001110001010000
101110011000101
010000010100000
101010001000010
001010000100111
011010001000100
111010001001000
001010000100111
010000010100000
011110010100101
001110001010000
001110011000110
111010011010001
001010000100111
010000010100000
101110011000101
001010001001110
001110000111001
001010001001110
011110011000011
111110011001111
101110011000101
010000010100000
011110010100101
001110001010000
001110011000110
111010011010001
001010001001110
101110011000101
001010000100111
010000010100000
001110011000110
001010001001110
011010000101101
001110011000110
111110011001111
010000010100000
101110011000101
111110011001111
011110000110011
011110010101010
001010001001110
111010001000111
101010010110010
001110001010000
111110010100110
111010001001000
001110011000110
001010001001110
010000000001010
001010000100111
011010001000100
011010001000100
111010011010001
001010001001110
111010001000111
111110011001111
010000010100000
101110011001010
001010001001110
011110000110011
011110010101010
001010001001110
111010001000111
101010010110010
001110001010000
111110010100110
111110011001111
010000010100000
001010000101000
001110001010000
111010001000111
001110001010000
101110011000101
010000010100000
111010001001000
001010001001110
101110011001010
001010001001110
101110011000101
111110011001111
001110010101111
111010011010001
111110011001111
111010001000111
111110011001111
101110011000101
010000010100000
001010001000001
101110011001010
010000010100000
111010010110111
111110011001111
101110000111010
101110011001010
001010000100111
001110011000110
001110001010000
111010001000111
001110001010000
101110011000101
010000010100000
101110011001010
001010001001110
001110000111001
101110011000101
001010001001110
111010001000111
111010001001000
001110011000110
001010001001110
010000000001010
101110010100011
111110011001111
111010001001000
011010001000100
111110010100110
001110001010000
011110011000011
001010001001110
010000010100000
001010000100111
011010001000100
111010011010001
001010001001110
111110000110000
101110011001010
001110011000110
001010001001110
010000010100000
001010000100111
011010010110100
011110010101010
001010001001110
001010010110001
001010001001110
111010001001000
111110011001111
001010000100111
010000010100000
001010000100111
011010001000100
001110000110110
111010011010001
001010001001110
011010001000100
001010000100111
011010001000100
001010001001110
111110010101001
001010001001110
010000010100000
001010000101000
001110001010000
001010000100111
011010001000100
111010001000111
111110011001111
001110010101111
001110011001001
010000010100000
001010001000001
001010001001110
101110011000101
001010000100111
010000010100000
001010010110001
001010001001110
001010000101000
001110001010000
011010000101101
001010001001110
011110010101010
010000010100000
011110010101010
001110001010000
101110010101100
001010000100111
001010010110001
001010001001110
011110010101010
111110011001111
111010001000111
111110011001111
101110011000101
010000010100000
111010001001000
001010001001110
101110011000101
001010000100111
010000010100000
011110011000011
001010000100111
001110011000110
111010001001000
001010000100111
010000010100000
101110011000101
111110011001111
111010001000111
011110010101010
001010001001110
001110010101111
101110011001010
001110011000110
001010001001110
010000000001010
101110011000101
001010001001110
101010000101011
001010001001110
011010001000100
111110011001111
111010001000111
111110011001111
101110011000101
010000010100000
011110011000011
001010001001110
101110011000101
001010001001110
101010000101011
001010001001110
011010001000100
001110001010000
010000010100000
001010000100111
011010001000100
111010011010001
001010001001110
111110000110000
001110001010000
101110011001010
010000010100000
001010000100111
011110000110011
011110010101010
001010001001110
111010001001000
101010001000010
001010001001110
001110010101111
001010001001110
010000010100000
001110011000110
001010000100111
001010010110001
011010001001011
001010000100111
010000010100000
001010001000001
001010001001110
011010001000100
001010001001110
101110011000101
111010011010001
001010000100111
010000010100000
101110010100011
001010001001110
001110000110110
001010000100111
111010000100001
001010001001110
011110010101010
010000010100000
101110011000101
001010000100111
010000010100000
011010000101101
001010001001110
111010001001000
011010001000100
001010001001110
111010001000111
111110011001111
010000010100000
111110000110000
001010001001110
111010001000111
001010001001110
001010000101000
001010001001110
010000010100000
001010000100111
011010001000100
011010001000100
111010011010001
001010001001110
111010001000111
111110011001111
010000010100000
001010000101000
001110001010000
001110011000110
111010001001000
001010010110001
001110001010000
111010001000111
001110001010000
101110011000101
010000010100000
111010001001000
001010001001110
011110010101010
001010001001110
001010010110001
001010001001110
011110011000011
001010001001110
111010001000111
111110011001111
101110011000101
010000010100000
001010001000001
101110011001010
010000010100000
111010010111000
111110011001111
011010001000100
111110011001111
101110011000101
001010000100111
011110010101010
101010001001101
010000010100000
011010001000100
001010000100111
010000010100000
101110011001010
111110011001111
001010000101000
101110000110101
001110001010000
001010010110001
111010001001000
001110011000110
001010001001110
010000000001010
101110000110101
111110011001111
101110011000101
111010011010001
011110011001100
010000010100000
001010000101000
111110011001111
011110011000011
101110011000101
011110011001100
010000010100000
001110000111001
111110011001111
101110011000101
101110011001010
011110011001100
010000010100000
001010001000001
001010001001110
111010001000111
111110011001111
101110011000101
010000010100000
011010001000100
001010000100111
010000010100000
101110011001010
001010001001110
001010010110001
101110010101100
001110001010000
001110000111001
111010001001000
001110011000110
001010001001110
010000000001010
